(0, 0, 0) -> (913, 521) -> (521, 913)
(6, 0, 0) -> (27, 832) -> (832, 27)
(0, 6, 0) -> (1541, 1071) -> (1071, 1541)
(0, 0, 3) -> (916, 98) -> (98, 916)
(5, 0, 4) -> (85, 138) -> (138, 85)
(4, 4, 0) -> (682, 1159) -> (1159, 682)
(0, 5, 5) -> (1530, 110) -> (110, 1530)
(2, 0, 2) -> (618, 329) -> (329, 618)
(4, 0, 1) -> (324, 569) -> (569, 324)
(2, 0, 4) -> (603, 12) -> (12, 603)
(1, 3, 0) -> (1051, 835) -> (835, 1051)
(5, 1, 0) -> (226, 885) -> (885, 226)
(1, 6, 0) -> (1389, 1153) -> (1153, 1389)
(0, 4, 1) -> (1318, 713) -> (713, 1318)
(0, 1, 2) -> (1010, 318) -> (318, 1010)